0.0%|0.0%|100.0%|995|411|584|1.65|6.91|0.62|0.00
0.0%|0.0%|100.0%|995|409|585|1.65|6.91|0.00|0.00
0.0%|0.0%|100.0%|995|409|585|1.65|6.91|0.00|0.00
0.0%|0.0%|100.0%|995|409|585|1.65|6.91|0.37|0.00
4.0%|6.1%|89.7%|995|409|585|1.65|6.91|4.69|3.46
0.0%|0.0%|100.0%|995|409|585|1.65|6.91|8.78|7.29
1.9%|0.0%|98.0%|995|409|586|1.65|6.91|8.97|7.29
1.9%|0.0%|98.0%|995|409|586|1.65|6.91|9.51|7.35
0.0%|0.0%|100.0%|995|409|585|1.65|6.91|9.21|7.32
0.0%|0.0%|100.0%|995|409|585|1.65|6.91|9.73|7.47
0.0%|0.0%|100.0%|995|409|585|1.65|6.91|9.00|7.48
0.0%|0.0%|100.0%|995|409|585|1.65|6.91|0.44|0.00
7.8%|3.9%|88.2%|995|409|586|1.65|6.91|4.54|3.52
0.0%|0.0%|100.0%|995|409|585|1.65|6.91|8.84|7.68
0.0%|0.0%|100.0%|995|409|586|1.65|6.91|8.78|7.73
0.0%|2.0%|98.0%|995|409|585|1.65|6.91|4.48|4.26
4.0%|6.0%|90.0%|995|409|586|1.65|6.91|1.61|0.30
2.0%|8.0%|90.0%|995|409|586|1.65|6.91|0.00|0.00
1.9%|5.8%|92.1%|995|409|585|1.65|6.91|4.66|3.52
0.0%|0.0%|100.0%|995|409|585|1.65|6.91|9.28|7.96
2.0%|0.0%|98.0%|995|409|585|1.65|6.91|6.79|4.79
0.0%|0.0%|100.0%|995|409|585|1.65|6.91|3.74|2.65
10.0%|6.0%|84.0%|995|409|585|1.65|6.91|0.53|0.00
0.0%|0.0%|100.0%|995|410|584|1.65|6.91|6.95|6.71
0.0%|0.0%|100.0%|995|409|585|1.65|6.91|8.84|8.21
0.0%|0.0%|100.0%|995|409|585|1.65|6.91|4.89|4.78
4.0%|2.0%|94.0%|995|409|585|1.65|6.91|1.58|0.70
5.8%|3.9%|90.1%|995|411|584|1.65|6.91|0.76|0.49
0.0%|0.0%|100.0%|995|410|585|1.65|6.91|7.15|6.95
2.0%|0.0%|98.0%|995|409|585|1.65|6.91|8.90|8.51
65.3%|2.0%|32.6%|995|409|585|1.65|6.91|1.39|0.41
91.8%|8.1%|0.0%|995|412|582|1.65|6.91|3.72|3.23
83.6%|16.3%|0.0%|995|426|569|1.65|6.91|3.37|2.00
89.7%|10.2%|0.0%|995|427|568|1.65|6.91|1.62|2.28
94.0%|6.0%|0.0%|995|430|565|1.65|6.91|0.68|0.19
96.0%|4.0%|0.0%|995|430|565|1.65|6.91|5.54|3.96
82.3%|17.6%|0.0%|995|430|564|1.65|6.91|4.65|5.69
96.0%|3.9%|0.0%|995|446|549|1.65|6.91|4.66|5.37
100.0%|0.0%|0.0%|995|449|546|1.65|6.91|4.48|5.35
98.0%|2.0%|0.0%|995|454|541|1.65|6.91|4.77|5.40
98.0%|2.0%|0.0%|995|458|537|1.65|6.91|5.01|7.62
98.0%|2.0%|0.0%|995|460|535|1.65|6.91|5.76|7.23
100.0%|0.0%|0.0%|995|460|535|1.65|6.91|4.99|7.34
2.0%|4.0%|93.8%|995|461|534|1.65|6.91|1.68|7.83
0.0%|0.0%|100.0%|995|460|535|1.65|6.91|9.33|16.73
0.0%|0.0%|100.0%|995|460|535|1.65|6.91|2.30|1.61
4.1%|4.1%|91.6%|995|460|535|1.65|6.91|4.59|11.03
0.0%|0.0%|100.0%|995|460|535|1.65|6.91|9.13|16.55
5.8%|5.8%|88.2%|995|460|535|1.65|6.91|0.00|0.00
0.0%|2.0%|97.9%|995|462|533|1.65|6.91|4.66|11.03
2.0%|0.0%|98.0%|995|460|535|1.65|6.91|9.33|17.02
4.0%|4.0%|92.0%|995|459|536|1.65|6.91|1.74|11.61
3.9%|5.8%|90.1%|995|459|536|1.65|6.91|5.50|11.03
0.0%|0.0%|100.0%|995|459|536|1.65|6.91|9.63|18.19
1.9%|0.0%|98.0%|995|459|536|1.65|6.91|8.81|8.77
5.8%|5.8%|88.2%|995|459|536|1.65|6.91|0.00|0.00
2.0%|0.0%|98.0%|995|460|535|1.65|6.91|7.47|16.50
0.0%|0.0%|100.0%|995|459|536|1.65|6.91|4.67|6.32
6.1%|4.0%|89.7%|995|460|535|1.65|6.91|3.52|10.23
98.0%|2.0%|0.0%|995|459|536|1.65|6.91|10.03|18.38
96.0%|4.0%|0.0%|995|459|535|1.65|6.91|5.76|6.94
96.0%|3.9%|0.0%|995|460|535|1.65|6.91|1.33|0.55
92.0%|8.0%|0.0%|995|460|535|1.65|6.91|0.79|2.12
96.0%|4.0%|0.0%|995|460|535|1.65|6.91|5.49|15.46
98.0%|1.9%|0.0%|995|460|535|1.65|6.91|9.35|21.82
98.0%|2.0%|0.0%|995|460|535|1.65|6.91|4.66|6.68
100.0%|0.0%|0.0%|995|460|535|1.65|6.91|1.11|2.18
94.1%|5.8%|0.0%|995|460|535|1.65|6.91|0.43|0.00
94.0%|6.0%|0.0%|995|460|535|1.65|6.91|5.12|19.06
2.0%|0.0%|98.0%|995|460|535|1.65|6.91|9.33|25.15
4.0%|6.0%|90.0%|995|460|535|1.65|6.91|0.00|0.00
0.0%|0.0%|100.0%|995|460|535|1.65|6.91|9.45|25.46
0.0%|0.0%|100.0%|995|460|535|1.65|6.91|1.83|1.46
3.9%|3.9%|92.1%|995|460|535|1.65|6.91|5.18|18.49
0.0%|0.0%|100.0%|995|460|535|1.65|6.91|4.63|7.13
4.0%|4.0%|92.0%|995|460|535|1.65|6.91|0.56|0.00
0.0%|0.0%|100.0%|995|460|535|1.65|6.91|9.89|25.72
1.9%|1.9%|96.0%|995|460|535|1.65|6.91|1.90|0.30
1.9%|7.8%|90.1%|995|459|536|1.65|6.91|7.99|18.56
0.0%|0.0%|100.0%|995|459|536|1.65|6.91|4.97|7.43
2.0%|4.1%|93.7%|995|459|536|1.65|6.91|0.06|0.06
1.9%|0.0%|98.0%|995|459|536|1.65|6.91|9.07|25.95
5.7%|5.7%|86.5%|995|459|536|1.65|6.91|0.00|0.00
2.0%|0.0%|98.0%|995|461|534|1.65|6.91|5.70|18.49
2.0%|0.0%|98.0%|995|459|536|1.65|6.91|4.83|7.60
4.0%|2.0%|93.8%|995|460|534|1.65|6.91|1.21|15.84
0.0%|0.0%|100.0%|995|459|536|1.65|6.91|7.04|7.93
4.0%|12.0%|84.0%|995|459|535|1.65|6.91|0.06|0.00
0.0%|0.0%|100.0%|995|459|536|1.65|6.91|16.47|26.08
6.1%|8.1%|85.7%|995|459|535|1.65|6.91|3.63|0.06
0.0%|0.0%|100.0%|995|459|535|1.65|6.91|0.53|0.00
0.0%|0.0%|100.0%|995|459|535|1.65|6.91|0.41|0.00
