0.0%|0.0%|100.0%|995|266|728|1.30|4.27|0.24|0.00
0.0%|0.0%|100.0%|995|266|728|1.30|4.27|0.15|0.00
0.0%|0.0%|100.0%|995|265|730|1.30|4.27|0.56|0.00
0.0%|0.0%|100.0%|995|265|730|1.30|4.27|1.46|0.00
0.0%|0.0%|100.0%|995|265|730|1.30|4.27|0.00|0.00
0.0%|0.0%|100.0%|995|265|730|1.30|4.27|0.62|0.00
0.0%|0.0%|100.0%|995|265|730|1.30|4.27|9.45|49.02
0.0%|0.0%|100.0%|995|265|730|1.30|4.27|4.71|3.86
96.0%|4.0%|0.0%|995|265|730|1.30|4.27|7.72|5.23
96.0%|3.9%|0.0%|995|266|729|1.30|4.27|13.04|50.47
95.9%|4.0%|0.0%|995|266|729|1.30|4.27|12.41|50.89
96.0%|4.0%|0.0%|995|266|729|1.30|4.27|10.63|47.52
96.0%|4.0%|0.0%|995|268|727|1.30|4.27|3.55|1.08
100.0%|0.0%|0.0%|995|266|729|1.30|4.27|1.51|0.41
98.0%|1.9%|0.0%|995|266|729|1.30|4.27|4.80|4.31
100.0%|0.0%|0.0%|995|266|728|1.30|4.27|4.54|4.19
100.0%|0.0%|0.0%|995|266|728|1.30|4.27|4.91|4.51
100.0%|0.0%|0.0%|995|267|728|1.30|4.27|5.14|4.37
94.1%|5.8%|0.0%|995|267|728|1.30|4.27|2.06|1.39
90.0%|10.0%|0.0%|995|266|728|1.30|4.27|0.59|2.22
90.0%|8.0%|0.0%|995|267|728|1.30|4.27|0.18|0.00
92.0%|8.0%|0.0%|995|267|728|1.30|4.27|0.00|0.00
90.0%|10.0%|0.0%|995|267|728|1.30|4.27|0.27|0.00
87.7%|12.2%|0.0%|995|267|728|1.30|4.27|5.50|55.22
98.0%|2.0%|0.0%|995|268|727|1.30|4.27|6.68|57.57
94.0%|6.0%|0.0%|995|267|728|1.30|4.27|9.33|59.83
96.0%|4.0%|0.0%|995|267|728|1.30|4.27|9.64|61.83
98.0%|2.0%|0.0%|995|267|728|1.30|4.27|9.33|61.81
98.0%|2.0%|0.0%|995|267|727|1.30|4.27|4.48|4.82
96.0%|4.0%|0.0%|995|267|727|1.30|4.27|4.67|4.99
94.1%|5.8%|0.0%|995|267|727|1.30|4.27|2.77|2.21
94.0%|6.0%|0.0%|995|267|727|1.30|4.27|1.95|0.55
88.0%|10.0%|0.0%|995|267|727|1.30|4.27|1.69|0.55
96.0%|4.0%|0.0%|995|268|726|1.30|4.27|5.62|58.09
94.0%|6.0%|0.0%|995|268|727|1.30|4.27|7.21|59.62
96.0%|4.0%|0.0%|995|268|727|1.30|4.27|8.27|120.71
96.0%|4.0%|0.0%|995|268|727|1.30|4.27|5.52|61.17
95.9%|4.0%|0.0%|995|268|727|1.30|4.27|5.67|62.04
94.0%|6.0%|0.0%|995|268|727|1.30|4.27|5.56|63.43
88.2%|11.7%|0.0%|995|268|727|1.30|4.27|5.03|62.43
91.8%|8.1%|0.0%|995|268|726|1.30|4.27|5.09|62.30
98.0%|1.9%|0.0%|995|267|727|1.30|4.27|7.70|69.27
98.0%|2.0%|0.0%|995|266|728|1.30|4.27|9.58|70.59
100.0%|0.0%|0.0%|995|266|729|1.30|4.27|10.02|70.69
98.0%|2.0%|0.0%|995|266|729|1.30|4.27|14.20|89.06
85.7%|14.2%|0.0%|995|266|728|1.30|4.27|4.94|6.63
4.0%|6.1%|89.7%|995|266|728|1.30|4.27|5.40|70.85
0.0%|0.0%|100.0%|995|266|728|1.30|4.27|9.78|76.72
6.0%|6.0%|88.0%|995|266|728|1.30|4.27|0.00|0.00
1.9%|1.9%|96.0%|995|268|727|1.30|4.27|6.06|74.16
9.8%|0.0%|88.2%|995|266|728|1.30|4.27|7.73|7.31
96.0%|4.0%|0.0%|995|266|728|1.30|4.27|3.25|1.37
92.0%|8.0%|0.0%|995|266|728|1.30|4.27|4.30|1.37
92.1%|7.8%|0.0%|995|267|728|1.30|4.27|9.66|72.27
92.0%|8.0%|0.0%|995|267|728|1.30|4.27|12.95|80.41
96.0%|4.0%|0.0%|995|267|728|1.30|4.27|10.80|80.52
98.0%|2.0%|0.0%|995|267|727|1.30|4.27|4.62|6.30
95.9%|4.0%|0.0%|995|267|727|1.30|4.27|0.92|1.95
94.0%|6.0%|0.0%|995|267|728|1.30|4.27|5.28|75.52
96.0%|3.9%|0.0%|995|267|728|1.30|4.27|13.45|82.33
96.0%|2.0%|0.0%|995|267|727|1.30|4.27|3.11|0.29
92.1%|7.8%|0.0%|995|267|727|1.30|4.27|2.42|1.39
94.1%|5.8%|0.0%|995|267|727|1.30|4.27|7.85|77.32
98.0%|1.9%|0.0%|995|267|727|1.30|4.27|12.17|83.60
98.0%|1.9%|0.0%|995|267|727|1.30|4.27|10.44|83.53
100.0%|0.0%|0.0%|995|267|727|1.30|4.27|5.02|6.81
94.1%|5.8%|0.0%|995|267|727|1.30|4.27|0.55|0.19
96.0%|4.0%|0.0%|995|269|726|1.30|4.27|3.80|75.17
96.0%|4.0%|0.0%|995|268|727|1.30|4.27|5.17|78.35
100.0%|0.0%|0.0%|995|268|726|1.30|4.27|9.90|85.20
97.9%|2.0%|0.0%|995|269|726|1.30|4.27|4.48|6.96
95.9%|4.0%|0.0%|995|269|726|1.30|4.27|0.90|3.52
96.0%|2.0%|0.0%|995|270|725|1.30|4.27|6.29|89.30
96.0%|4.0%|0.0%|995|269|726|1.30|4.27|4.85|7.10
96.0%|4.0%|0.0%|995|269|726|1.30|4.27|0.06|0.00
96.0%|4.0%|0.0%|995|269|726|1.30|4.27|5.07|85.12
98.0%|2.0%|0.0%|995|271|724|1.30|4.27|12.22|92.30
95.9%|4.0%|0.0%|995|274|721|1.30|4.27|0.94|0.00
94.1%|5.8%|0.0%|995|274|721|1.30|4.27|6.21|85.12
100.0%|0.0%|0.0%|995|274|721|1.30|4.27|9.52|92.44
98.0%|1.9%|0.0%|995|274|721|1.30|4.27|2.73|5.62
95.9%|4.0%|0.0%|995|279|716|1.30|4.27|0.06|0.00
96.0%|3.9%|0.0%|995|277|718|1.30|4.27|9.75|99.55
100.0%|0.0%|0.0%|995|277|717|1.30|4.27|4.67|7.50
98.0%|2.0%|0.0%|995|277|717|1.30|4.27|0.59|0.00
98.0%|2.0%|0.0%|995|278|716|1.30|4.27|8.72|101.97
100.0%|0.0%|0.0%|995|277|718|1.30|4.27|5.46|7.87
90.1%|7.8%|0.0%|995|277|717|1.30|4.27|0.59|2.18
98.0%|2.0%|0.0%|995|277|717|1.30|4.27|16.92|103.06
4.0%|8.0%|88.0%|995|277|718|1.30|4.27|3.63|0.06
0.0%|0.0%|100.0%|995|277|718|1.30|4.27|0.59|0.00
0.0%|0.0%|100.0%|995|276|718|1.30|4.27|0.41|0.00
